400063739 -1052716009 1651801 5 3
400064252 -1052716080 1639880 4 3
400064511 -1052716127 1639863 4 3
400064478 -1052716290 1639601 5 3
400064503 -1052716101 1640131 5 3
400064234 -1052715844 1640352 5 3
400063530 -1052715402 1640749 5 3
400063564 -1052715350 1640933 5 3
400063530 -1052715336 1641076 4 3
400063479 -1052715332 1641218 0 0
400063442 -1052715342 1641337 0 0
400063330 -1052715317 1641247 3 2
400063084 -1052715001 1641693 4 3
400063358 -1052715101 1641919 5 3
400063489 -1052715135 1642222 5 3
400063405 -1052714815 1642700 5 3
400063460 -1052714746 1643033 6 3
400063360 -1052714764 1643209 6 3
400063604 -1052714734 1643415 6 3
400063940 -1052715074 1643193 5 3
400064051 -1052715176 1643183 5 3
400064233 -1052715520 1643190 4 3
400064009 -1052715546 1643206 4 3
400063927 -1052715454 1643240 4 3
400063920 -1052715375 1643240 4 3
400063814 -1052715114 1643229 3 2
400063878 -1052715146 1643111 3 2
400063900 -1052715312 1642953 4 3
400063843 -1052715242 1642905 3 2
400063765 -1052715058 1642888 3 2
400063771 -1052714967 1642865 3 2
400063677 -1052714601 1642882 3 2
400063539 -1052714155 1642899 4 3
400063661 -1052713954 1642897 4 3
400063700 -1052713664 1642935 4 3
400063568 -1052713277 1642988 4 3
400063699 -1052713062 1642977 4 3
400063557 -1052712936 1642947 4 3
400063523 -1052712925 1642915 4 3
400063491 -1052712971 1642877 4 3
400063582 -1052712690 1642906 4 3
400063464 -1052712207 1642962 4 3
400063255 -1052712090 1642938 4 3
400063005 -1052711642 1642977 4 3
400062986 -1052711420 1642957 4 3
400063345 -1052711874 1642871 4 3
400063276 -1052711736 1642880 4 3
400063258 -1052711722 1642884 4 3
400063505 -1052712140 1642865 4 3
400063292 -1052711894 1642897 4 3
400063283 -1052712053 1642882 4 3
400063319 -1052712118 1642868 4 3
400063442 -1052712279 1642848 4 3
400063683 -1052712494 1642823 4 3
400063857 -1052713050 1642801 4 3
400063855 -1052713278 1642787 4 3
400064030 -1052713606 1642772 4 3
400065064 -1052716558 1642792 4 3
400065142 -1052716827 1642804 4 3
400065389 -1052717329 1642803 4 3
400065398 -1052717406 1642805 4 3
400065551 -1052717567 1642805 4 3
400065327 -1052717179 1642807 4 3
400065363 -1052717320 1642802 4 3
400065505 -1052717189 1642795 4 3
400065740 -1052717764 1642778 4 3
400065847 -1052717961 1642774 4 3
400065975 -1052718366 1642769 4 3
400065913 -1052718401 1642766 4 3
400066145 -1052718751 1642764 4 3
400066360 -1052719141 1642765 4 3
400066245 -1052718975 1642762 4 3
400066293 -1052719060 1642760 4 3
400066098 -1052718789 1642754 4 3
400066259 -1052718927 1642746 4 3
400066083 -1052718799 1642736 4 3
400065995 -1052718939 1642731 4 3
400065866 -1052718807 1642724 4 3
400065538 -1052718199 1642714 4 3
400065494 -1052718148 1642700 4 3
400065593 -1052718126 1642688 4 3
400065548 -1052718050 1642676 4 3
400065556 -1052717927 1642676 4 3
400065574 -1052717808 1642671 4 3
400065518 -1052717764 1642672 4 3
400065543 -1052717463 1642681 4 3
400065555 -1052717386 1642678 4 3
400065437 -1052717068 1642671 4 3
400065358 -1052717305 1642660 4 3
400065452 -1052717409 1642650 4 3
400065300 -1052717695 1642649 4 3
400065421 -1052717818 1642644 4 3
400065614 -1052717656 1642644 4 3
400065655 -1052717785 1642644 4 3
400065682 -1052717569 1642644 4 3
400065562 -1052717617 1642644 4 3
400065545 -1052717684 1642668 5 3
400065639 -1052718037 1642731 5 3
400065700 -1052718303 1642682 5 3
400065512 -1052718429 1642616 4 3
400064790 -1052718304 1642460 4 3
400064656 -1052718400 1642525 5 3
400064599 -1052718699 1642530 4 3
400064244 -1052718214 1642938 5 3
400064136 -1052718367 1642250 5 3
400064118 -1052718110 1642074 5 3
400063798 -1052717595 1642139 5 3
400063725 -1052717397 1642360 5 3
400063723 -1052717195 1642229 5 3
400063810 -1052717103 1642081 5 3
400063666 -1052717177 1642007 4 3
400063420 -1052716918 1641891 4 3
400063434 -1052716832 1641798 4 3
400063383 -1052716840 1641707 4 3
400063345 -1052716873 1641617 4 3
400063556 -1052717059 1641558 4 3
400063849 -1052717286 1641488 4 3
400064125 -1052717489 1641429 4 3
400064163 -1052717863 1641421 5 3
400064378 -1052717730 1641497 5 3
400064092 -1052717550 1641538 5 3
400063795 -1052717516 1641641 5 3
400063747 -1052717379 1641742 5 3
400063504 -1052717362 1641910 5 3
400063693 -1052717472 1641957 5 3
400063743 -1052717591 1642020 5 3
400064043 -1052717710 1642008 5 3
400063943 -1052717624 1642076 5 3
400064314 -1052717931 1641823 5 3
400064616 -1052717966 1642992 6 3
400064741 -1052717879 1643164 5 3
400065051 -1052717875 1643330 5 3
400065015 -1052717942 1643262 4 3
400064829 -1052717808 1643204 5 3
400064854 -1052717637 1643132 4 3
400064799 -1052717579 1643016 4 3
400064738 -1052717471 1642918 4 3
400064729 -1052717209 1642841 4 3
400064978 -1052717390 1642737 4 3
400064798 -1052717010 1642722 4 3
400064836 -1052717035 1642625 4 3
400064793 -1052716846 1642545 4 3
400064983 -1052717046 1642509 5 3
400064940 -1052716853 1642715 5 3
400064819 -1052716699 1642751 4 3
400064642 -1052716765 1642313 6 3
400064526 -1052716752 1642263 5 3
400064308 -1052716619 1642240 5 3
400064181 -1052716393 1642180 6 3
400064191 -1052716451 1642075 5 3
400064053 -1052716300 1642078 5 3
400063967 -1052716096 1642136 5 3
400064084 -1052716174 1642117 5 3
400063905 -1052715979 1641847 6 3
400063964 -1052716044 1640974 6 3
400063974 -1052716022 1640920 6 3
400064095 -1052716020 1640592 6 3