400063300 -1052716516 1637157 10 3
400063289 -1052716535 1636552 12 3
400063281 -1052716528 1636235 12 3
400063274 -1052716522 1635917 12 3
400063269 -1052716521 1635654 12 3
400063267 -1052716518 1635392 12 3
400063271 -1052716512 1635329 12 3
400063274 -1052716509 1635302 12 3
400063285 -1052716504 1635326 12 3
400063299 -1052716496 1635307 11 3
400063313 -1052716492 1635223 11 3
400063324 -1052716488 1635174 11 3
400063335 -1052716484 1635166 11 3
400063345 -1052716479 1635201 11 3
400063351 -1052716476 1635234 11 3
400063353 -1052716472 1635349 11 3
400063355 -1052716468 1635542 11 3
400063356 -1052716465 1635771 11 3
400063358 -1052716464 1636001 11 3
400063357 -1052716465 1636247 11 3
400063355 -1052716465 1636441 11 3
400063354 -1052716465 1636603 11 3
400063351 -1052716466 1636803 11 3
400063346 -1052716468 1637025 11 3
400063339 -1052716470 1637222 11 3
400063334 -1052716474 1637405 11 3
400063329 -1052716477 1637528 11 3
400063322 -1052716483 1637672 11 3
400063317 -1052716489 1637794 11 3
400063312 -1052716497 1637874 11 3
400063307 -1052716503 1638057 11 3
400063302 -1052716511 1638206 11 3
400063298 -1052716518 1638327 11 3
400063293 -1052716526 1638496 11 3
400063291 -1052716535 1638588 12 3
400063290 -1052716544 1638669 12 3
400063291 -1052716555 1638696 12 3
400063292 -1052716563 1638758 11 3
400063295 -1052716569 1638778 12 3
400063297 -1052716575 1638762 11 3
400063298 -1052716579 1638770 12 3
400063298 -1052716581 1638788 11 3
400063300 -1052716581 1638789 11 3
400063302 -1052716580 1638699 12 3
400063302 -1052716583 1638459 12 3
400063301 -1052716585 1638267 12 3
400063301 -1052716587 1638005 12 3
400063302 -1052716589 1637847 12 3
400063302 -1052716585 1637806 12 3
400063302 -1052716587 1637772 12 3
400063303 -1052716584 1637731 12 3
400063303 -1052716582 1637519 12 3
400063302 -1052716580 1637354 12 3
400063301 -1052716579 1637251 12 3
400063301 -1052716578 1637162 12 3
400063300 -1052716576 1637088 12 3
400063300 -1052716575 1637009 12 3
400063300 -1052716572 1636974 11 3
400063301 -1052716574 1636852 11 3
400063304 -1052716576 1636742 11 3
400063305 -1052716576 1636666 11 3
400063305 -1052716577 1636542 11 3
400063304 -1052716578 1636321 11 3
400063303 -1052716582 1636117 11 3
400063302 -1052716585 1635962 11 3
400063301 -1052716587 1635852 11 3
400063301 -1052716592 1635715 11 3
400063301 -1052716597 1635556 11 3
400063302 -1052716600 1635448 11 3
400063303 -1052716606 1635339 11 3
400063304 -1052716611 1635268 11 3
400063303 -1052716614 1635246 11 3
400063300 -1052716618 1635198 11 3
400063297 -1052716623 1635190 11 3
400063294 -1052716628 1635205 11 3
400063291 -1052716633 1635206 11 3
400063287 -1052716637 1635240 11 3
400063284 -1052716639 1635300 11 3
400063281 -1052716642 1635316 11 3
400063278 -1052716643 1635371 12 3
400063276 -1052716645 1635397 12 3
400063275 -1052716645 1635450 12 3
400063275 -1052716644 1635528 12 3
400063274 -1052716640 1635669 12 3
400063274 -1052716637 1635767 12 3
400063274 -1052716635 1635827 12 3
400063275 -1052716633 1635867 12 3
400063277 -1052716630 1635918 12 3
400063279 -1052716629 1635856 12 3
400063280 -1052716628 1635808 12 3
400063281 -1052716626 1635772 12 3
400063281 -1052716623 1635766 12 3
400063280 -1052716621 1635767 12 3
400063279 -1052716618 1635735 12 3
400063279 -1052716616 1635844 12 3
400063276 -1052716615 1635878 12 3
400063272 -1052716613 1635873 12 3
400063269 -1052716610 1635842 12 3
400063267 -1052716608 1635780 12 3
400063267 -1052716603 1635849 12 3