400079823 -1052594365 1583436
400078092 -1052591099 1590552
400078016 -1052590453 1601340
400078049 -1052590244 1605280
400078123 -1052590024 1607588
400078090 -1052589921 1607485
400078091 -1052589874 1607862
400078069 -1052589832 1607827
400078017 -1052589791 1607346
400077992 -1052589756 1606871
400077979 -1052589730 1606895
400077973 -1052589716 1607233
400077962 -1052589703 1607344
400077945 -1052589677 1607487
400077920 -1052589661 1607642
400077900 -1052589646 1607941
400077888 -1052589611 1608824
400077895 -1052589610 1609080
400077898 -1052589631 1609042
400077895 -1052589656 1609045
400077892 -1052589667 1609009
400077895 -1052589677 1609002
400077899 -1052589688 1608805
400077893 -1052589696 1608596
400077884 -1052589705 1608532
400077874 -1052589708 1608537
400077873 -1052589725 1608660
400077870 -1052589733 1608970
400077855 -1052589721 1609350
400077839 -1052589713 1609382
400077835 -1052589699 1609486
400077843 -1052589692 1609404
400077835 -1052589684 1609319
400077840 -1052589706 1608822
400077830 -1052589717 1608722
400077823 -1052589703 1608858
400077821 -1052589697 1608596
400077826 -1052589686 1608366
400077833 -1052589672 1608169
400077839 -1052589670 1607890
400077850 -1052589671 1607797
400077865 -1052589676 1607617
400077873 -1052589677 1607400
400077873 -1052589682 1607171
400077874 -1052589689 1607012
400077873 -1052589692 1607012
400077870 -1052589697 1606936
400077871 -1052589704 1606781
400077874 -1052589710 1606755
400077882 -1052589715 1606603
400077890 -1052589725 1606570
400077889 -1052589730 1606588
400077886 -1052589730 1606725
400077888 -1052589735 1606684
400077887 -1052589745 1606537
400077890 -1052589751 1606445
400077885 -1052589760 1606180
400077882 -1052589761 1606181
400077878 -1052589760 1605999
400077880 -1052589757 1605958
400077874 -1052589746 1605956
400077873 -1052589757 1605837
400077865 -1052589748 1605871
400077853 -1052589747 1605786
400077854 -1052589746 1605785
400077849 -1052589729 1605943
400077843 -1052589733 1605999
400077839 -1052589729 1606061
400077836 -1052589726 1606187
400077832 -1052589721 1606294
400077823 -1052589718 1606334
400077812 -1052589714 1606277
400077812 -1052589713 1606182
400077809 -1052589711 1606137
400077809 -1052589733 1605989
400077802 -1052589733 1606031
400077790 -1052589727 1605892
400077784 -1052589747 1605831
400077777 -1052589749 1605592
400077772 -1052589757 1605380
400077765 -1052589764 1605268
400077761 -1052589769 1605136
400077769 -1052589793 1605064
400077773 -1052589810 1604824
400077774 -1052589823 1604755
400077777 -1052589827 1604877
400077777 -1052589829 1604995
400077777 -1052589837 1605208
400077772 -1052589842 1605364
400077769 -1052589837 1605436
400077767 -1052589823 1605641
400077774 -1052589819 1605739
400077776 -1052589824 1605932
400077777 -1052589824 1606141
400077781 -1052589830 1606057
400077774 -1052589834 1605819
400077781 -1052589831 1605807
400077793 -1052589840 1605749
400077797 -1052589842 1605699
400077806 -1052589854 1605515